18.0
20.0
21.0
15.0
31.0
29.0
21.0
26.0
29.0
27.0
22.0
23.0
26.0
23.0
23.0
20.0
29.0
18.0
25.0
17.0
27.0
23.0
14.0
22.0
25.0
20.0
18.0
26.0
26.0
25.0
19.0
16.0
25.0
18.0
17.0
20.0
26.0
17.0
16.0
21.0
23.0
23.0
29.0
16.0
24.0
31.0
17.0
19.0
30.0
28.0
28.0
27.0
24.0
33.0
21.0
18.0
23.0
27.0
11.0
18.0
17.0
24.0
17.0
11.0
15.0
20.0
13.0
30.0
23.0
26.0
23.0
21.0
22.0
22.0
21.0
19.0
16.0
19.0
30.0
21.0
28.0
23.0
27.0
21.0
20.0
23.0
29.0
17.0
15.0
28.0
26.0
27.0
24.0
20.0
31.0
24.0
24.0
25.0
14.0
30.0
