98.0
100.0
86.0
96.0
92.0
107.0
115.0
91.0
101.0
105.0
101.0
89.0
92.0
88.0
111.0
123.0
124.0
104.0
117.0
118.0
116.0
100.0
111.0
115.0
107.0
82.0
112.0
107.0
91.0
96.0
87.0
108.0
99.0
104.0
93.0
100.0
104.0
98.0
101.0
117.0
108.0
94.0
108.0
114.0
108.0
108.0
96.0
107.0
107.0
108.0
94.0
112.0
106.0
96.0
97.0
111.0
105.0
103.0
108.0
95.0
99.0
90.0
89.0
115.0
90.0
83.0
102.0
90.0
100.0
101.0
109.0
103.0
110.0
112.0
90.0
98.0
107.0
110.0
92.0
115.0
97.0
102.0
79.0
112.0
96.0
87.0
105.0
98.0
100.0
106.0
102.0
108.0
97.0
107.0
107.0
102.0
108.0
104.0
116.0
101.0
