11.0
13.0
15.0
9.0
6.0
8.0
9.0
13.0
8.0
9.0
12.0
7.0
14.0
10.0
13.0
7.0
4.0
14.0
12.0
11.0
5.0
12.0
7.0
10.0
16.0
9.0
8.0
12.0
8.0
13.0
11.0
12.0
10.0
8.0
7.0
5.0
12.0
12.0
10.0
7.0
11.0
9.0
8.0
10.0
10.0
15.0
9.0
10.0
12.0
12.0
16.0
7.0
7.0
8.0
9.0
6.0
9.0
10.0
10.0
8.0
12.0
6.0
2.0
12.0
7.0
8.0
13.0
14.0
10.0
9.0
12.0
7.0
6.0
11.0
8.0
15.0
12.0
8.0
9.0
10.0
10.0
8.0
11.0
9.0
9.0
9.0
6.0
12.0
13.0
14.0
12.0
12.0
15.0
12.0
8.0
14.0
9.0
10.0
14.0
10.0
15.0
8.0
